Best 100:
110
[0, 5, 2, 4, 3, 22, 21, 1, 8, 27, 15, 7, 29, 47, 12, 20, 13, 17, 31, 34, 11, 6, 36, 18, 23, 9, 14, 28, 26, 19, 61, 10, 16, 95, 24, 30, 39, 60, 35, 94, 42, 71, 32, 72, 37, 63, 67, 92, 41, 46, 45, 43, 62, 55, 65, 80, 70, 52, 68, 69, 38, 33, 57, 50, 89, 99, 66, 73, 48, 58, 59, 49, 54, 74, 64, 76, 79, 75, 86, 77, 78, 84, 82, 83, 85, 90, 56, 96, 81, 91, 88, 93, 97, 87, 98, 53, 44, 25, 51, 40, 0]

Best 500:
997
[0, 343, 40, 245, 282, 41, 374, 189, 12, 49, 85, 28, 126, 79, 32, 7, 42, 279, 65, 200, 100, 69, 59, 45, 284, 27, 224, 51, 150, 336, 107, 89, 73, 22, 90, 127, 171, 333, 191, 243, 48, 111, 144, 13, 26, 17, 37, 237, 114, 289, 167, 6, 71, 108, 33, 72, 184, 324, 440, 214, 415, 379, 96, 46, 8, 396, 136, 109, 452, 98, 30, 172, 123, 44, 2, 11, 198, 149, 54, 175, 329, 299, 47, 294, 121, 157, 268, 120, 238, 67, 102, 21, 81, 353, 105, 38, 31, 125, 181, 412, 231, 147, 244, 186, 158, 4, 465, 137, 86, 58, 327, 80, 60, 219, 468, 295, 228, 95, 115, 293, 449, 320, 66, 195, 344, 351, 348, 57, 14, 409, 302, 375, 286, 335, 16, 112, 285, 140, 106, 3, 197, 419, 77, 211, 205, 383, 124, 103, 204, 443, 110, 425, 330, 451, 122, 88, 101, 213, 246, 218, 342, 458, 337, 162, 453, 192, 18, 130, 426, 138, 339, 216, 142, 239, 203, 152, 52, 340, 229, 241, 133, 151, 10, 132, 298, 94, 207, 201, 75, 485, 113, 166, 64, 78, 56, 173, 61, 283, 446, 87, 97, 177, 116, 233, 276, 222, 128, 362, 91, 242, 305, 20, 39, 235, 25, 264, 92, 460, 262, 164, 265, 248, 258, 93, 372, 174, 478, 9, 206, 312, 187, 421, 366, 227, 297, 292, 168, 307, 361, 212, 1, 363, 306, 43, 53, 232, 467, 308, 29, 249, 326, 483, 180, 36, 176, 456, 161, 416, 280, 230, 466, 117, 388, 221, 139, 338, 154, 429, 281, 153, 358, 321, 5, 386, 490, 392, 68, 234, 463, 311, 182, 296, 355, 447, 209, 34, 253, 70, 476, 62, 188, 394, 445, 360, 163, 319, 317, 349, 475, 226, 74, 345, 179, 273, 194, 178, 387, 444, 346, 420, 393, 287, 402, 439, 354, 271, 260, 255, 423, 481, 145, 377, 55, 382, 384, 278, 430, 148, 118, 270, 462, 410, 272, 185, 131, 370, 480, 104, 190, 380, 160, 313, 303, 310, 356, 99, 170, 322, 193, 240, 400, 141, 427, 269, 247, 223, 365, 288, 406, 401, 266, 134, 323, 316, 454, 350, 208, 202, 385, 381, 35, 315, 82, 364, 391, 318, 256, 254, 155, 169, 331, 404, 488, 325, 257, 403, 497, 484, 441, 290, 146, 143, 474, 15, 455, 405, 76, 183, 300, 471, 50, 301, 199, 220, 470, 357, 390, 417, 291, 328, 418, 496, 135, 450, 397, 433, 156, 376, 314, 491, 215, 19, 119, 407, 369, 252, 487, 498, 422, 368, 304, 236, 352, 24, 309, 459, 332, 83, 398, 371, 424, 389, 428, 434, 274, 461, 448, 261, 399, 275, 492, 359, 217, 23, 431, 438, 489, 437, 129, 493, 263, 486, 341, 395, 251, 457, 267, 477, 414, 436, 435, 250, 442, 277, 464, 373, 411, 413, 432, 334, 347, 225, 494, 408, 482, 165, 367, 469, 473, 495, 84, 259, 378, 472, 210, 479, 196, 63, 159, 499, 0]

Best 2000:
2540
[0, 96, 129, 114, 112, 16, 119, 43, 158, 34, 367, 33, 288, 125, 304, 21, 24, 61, 91, 213, 77, 50, 217, 176, 128, 172, 257, 102, 109, 126, 19, 204, 282, 142, 46, 374, 188, 49, 165, 302, 105, 236, 8, 233, 240, 17, 536, 329, 258, 85, 722, 35, 298, 341, 344, 5, 79, 588, 225, 152, 502, 31, 101, 1488, 22, 11, 58, 212, 136, 262, 54, 3, 10, 352, 342, 90, 62, 32, 357, 238, 965, 321, 539, 98, 94, 171, 283, 235, 695, 286, 543, 130, 368, 418, 203, 157, 92, 381, 349, 314, 104, 99, 389, 481, 414, 41, 168, 196, 214, 186, 44, 131, 59, 190, 264, 149, 259, 365, 37, 378, 107, 202, 76, 224, 12, 328, 26, 201, 205, 301, 227, 460, 210, 489, 28, 279, 379, 84, 63, 124, 287, 545, 55, 626, 52, 372, 242, 461, 86, 459, 266, 156, 174, 187, 154, 353, 134, 323, 241, 310, 216, 354, 38, 384, 15, 1726, 763, 228, 209, 471, 108, 239, 438, 839, 207, 358, 337, 178, 82, 74, 563, 1155, 670, 403, 297, 356, 510, 371, 14, 458, 162, 70, 687, 422, 245, 25, 825, 181, 345, 230, 387, 2, 672, 327, 810, 226, 406, 111, 39, 448, 291, 23, 247, 580, 682, 106, 535, 137, 399, 409, 208, 469, 254, 277, 237, 185, 718, 375, 1286, 405, 97, 53, 793, 197, 303, 309, 501, 299, 138, 251, 151, 1, 447, 64, 565, 36, 313, 56, 556, 492, 269, 455, 66, 122, 231, 602, 529, 476, 180, 260, 274, 48, 145, 222, 30, 370, 568, 1237, 170, 13, 462, 248, 373, 754, 333, 439, 4, 424, 153, 509, 68, 862, 532, 744, 229, 73, 284, 110, 523, 308, 1010, 864, 377, 981, 601, 193, 75, 694, 440, 571, 525, 18, 57, 60, 766, 118, 295, 366, 243, 426, 538, 500, 234, 652, 211, 400, 265, 343, 587, 72, 179, 451, 150, 692, 42, 135, 7, 47, 912, 576, 9, 334, 350, 175, 844, 250, 566, 519, 67, 280, 132, 678, 464, 393, 339, 498, 467, 148, 249, 774, 359, 679, 1020, 192, 263, 348, 331, 161, 505, 144, 688, 415, 693, 643, 633, 558, 103, 824, 651, 578, 518, 657, 609, 296, 65, 143, 160, 127, 382, 412, 851, 390, 88, 270, 637, 557, 956, 324, 490, 420, 167, 206, 434, 443, 116, 433, 1033, 155, 164, 486, 548, 182, 591, 289, 431, 293, 742, 271, 169, 483, 581, 572, 29, 364, 272, 322, 391, 585, 616, 896, 326, 497, 705, 1034, 285, 410, 292, 395, 141, 499, 508, 564, 435, 765, 319, 785, 294, 848, 730, 577, 673, 177, 71, 846, 123, 81, 540, 621, 449, 620, 198, 1078, 608, 78, 166, 731, 527, 809, 316, 830, 1175, 892, 617, 702, 761, 408, 361, 748, 318, 764, 83, 597, 736, 562, 183, 306, 913, 874, 452, 473, 517, 544, 246, 275, 338, 960, 727, 546, 1315, 598, 780, 100, 803, 743, 586, 428, 276, 362, 735, 407, 789, 95, 542, 87, 419, 432, 629, 583, 430, 847, 491, 674, 977, 628, 311, 658, 786, 752, 173, 924, 421, 369, 463, 806, 607, 861, 836, 51, 768, 703, 537, 668, 618, 852, 843, 1007, 747, 113, 902, 194, 712, 1023, 605, 784, 640, 1451, 273, 506, 630, 376, 1093, 1163, 256, 253, 220, 613, 351, 511, 1440, 69, 494, 878, 444, 855, 380, 534, 600, 636, 976, 480, 857, 1996, 340, 771, 880, 655, 1035, 755, 569, 550, 307, 115, 524, 975, 347, 547, 320, 833, 1266, 866, 392, 223, 582, 163, 638, 268, 868, 278, 267, 720, 27, 639, 474, 949, 218, 708, 974, 595, 355, 1149, 567, 579, 1081, 881, 685, 1187, 1297, 659, 904, 456, 899, 416, 611, 484, 398, 503, 290, 325, 159, 890, 1134, 195, 146, 397, 504, 676, 772, 514, 133, 1280, 684, 93, 1092, 413, 741, 691, 757, 530, 40, 1032, 526, 849, 775, 1367, 710, 961, 315, 477, 837, 619, 363, 485, 261, 625, 215, 1260, 599, 404, 554, 475, 893, 815, 533, 698, 867, 756, 882, 385, 664, 495, 932, 1188, 1498, 646, 120, 457, 1217, 6, 986, 627, 89, 191, 641, 1082, 513, 908, 723, 634, 417, 465, 745, 683, 1022, 528, 488, 383, 939, 336, 604, 728, 117, 610, 732, 650, 929, 1630, 749, 706, 573, 454, 1215, 603, 831, 915, 724, 700, 346, 716, 478, 423, 648, 835, 551, 918, 654, 139, 1024, 738, 401, 232, 453, 479, 140, 783, 1005, 750, 814, 555, 219, 901, 805, 1494, 553, 1110, 606, 799, 1511, 900, 996, 697, 396, 1391, 521, 870, 773, 860, 589, 662, 1366, 1088, 1259, 696, 910, 635, 570, 888, 335, 1038, 725, 574, 644, 887, 1113, 493, 894, 1358, 1282, 1542, 667, 740, 466, 1017, 1194, 665, 1450, 760, 388, 1229, 1040, 596, 1006, 1416, 958, 1375, 1169, 826, 1054, 1345, 631, 829, 1922, 1504, 1687, 931, 1138, 520, 221, 914, 719, 917, 1004, 779, 808, 791, 1197, 840, 446, 575, 1437, 1026, 677, 834, 1051, 729, 1438, 560, 943, 1269, 905, 561, 1419, 680, 1079, 925, 445, 1607, 972, 787, 1049, 916, 884, 796, 872, 317, 623, 1530, 1211, 360, 515, 255, 593, 926, 964, 472, 1512, 957, 20, 312, 1240, 1426, 622, 1057, 541, 252, 468, 930, 1387, 1348, 959, 184, 966, 1181, 985, 189, 778, 1000, 1030, 889, 715, 1221, 827, 800, 1407, 699, 1090, 819, 332, 402, 1577, 281, 877, 1500, 1050, 973, 714, 1125, 856, 121, 394, 686, 798, 1340, 1126, 782, 704, 531, 427, 921, 1272, 788, 721, 496, 441, 969, 801, 767, 734, 1464, 1598, 584, 1264, 1547, 804, 512, 1429, 711, 818, 822, 1118, 1858, 1359, 845, 1412, 1196, 1406, 1287, 1002, 759, 713, 1140, 663, 739, 1109, 999, 1144, 507, 1120, 990, 1372, 482, 828, 425, 1363, 1029, 717, 1116, 1550, 647, 653, 594, 753, 935, 522, 690, 1342, 970, 1349, 199, 1214, 1013, 1845, 886, 1203, 1091, 1162, 645, 816, 470, 946, 911, 858, 733, 1074, 1027, 1371, 429, 1425, 726, 615, 1111, 854, 945, 675, 1104, 1884, 1171, 769, 1361, 950, 998, 891, 1939, 1076, 875, 1086, 1474, 770, 614, 1018, 1059, 1600, 1058, 1515, 1938, 1148, 879, 669, 1105, 1563, 1981, 968, 807, 802, 1139, 1207, 927, 1001, 853, 737, 895, 777, 1009, 487, 1011, 1048, 885, 681, 1493, 450, 842, 1151, 1141, 983, 1142, 1150, 1066, 552, 1136, 871, 516, 897, 746, 1182, 1571, 1168, 1360, 1019, 386, 1071, 1860, 1167, 994, 1341, 951, 1101, 1609, 1064, 1334, 933, 1106, 660, 1472, 1587, 1300, 1244, 1176, 991, 797, 1172, 1496, 1132, 1080, 1309, 1157, 792, 989, 751, 947, 442, 953, 934, 1179, 794, 45, 1246, 1333, 1684, 1065, 1206, 813, 147, 1763, 1775, 1135, 1067, 1225, 1311, 937, 1216, 1249, 1581, 592, 1185, 1254, 863, 984, 1242, 1041, 1097, 938, 1012, 963, 1015, 1362, 1398, 1623, 1251, 1084, 1130, 1056, 1448, 1433, 1062, 1131, 1453, 1195, 1355, 1235, 1781, 709, 903, 1819, 1866, 1133, 1449, 707, 1484, 1014, 1357, 549, 1422, 817, 1257, 1991, 982, 1095, 1103, 305, 1353, 1250, 1506, 1947, 200, 1236, 1314, 873, 1851, 1303, 671, 919, 1519, 1145, 1189, 244, 967, 1800, 1296, 795, 821, 1721, 1681, 1675, 1226, 997, 1913, 1016, 1395, 865, 993, 776, 1137, 689, 1369, 1075, 1180, 1262, 1073, 649, 1183, 1265, 1158, 437, 1431, 1159, 1463, 1368, 330, 1569, 1208, 823, 1098, 1060, 1089, 1284, 590, 1414, 1053, 992, 1583, 1435, 624, 1529, 1160, 1293, 1331, 1610, 781, 1420, 995, 1039, 1308, 1573, 559, 1723, 1129, 1205, 1396, 1948, 1834, 1713, 942, 1114, 1063, 1222, 1365, 612, 1239, 1008, 1444, 790, 1313, 1352, 1669, 1458, 1202, 1290, 1231, 1465, 1503, 1283, 1478, 1285, 1857, 1442, 1516, 661, 1021, 1492, 1509, 1186, 1298, 1386, 1673, 1143, 1271, 1523, 1428, 1343, 1710, 988, 1031, 1601, 906, 1454, 1166, 1077, 1267, 1656, 832, 1604, 1628, 1193, 1117, 1045, 1252, 1319, 1036, 1486, 1337, 1294, 1094, 1624, 1276, 1068, 1107, 1243, 1377, 952, 1603, 1674, 1727, 1546, 1128, 1722, 1861, 1326, 436, 1108, 1164, 841, 656, 1707, 1025, 1046, 1232, 1480, 1317, 1178, 1339, 1306, 1170, 1292, 1281, 1087, 1390, 666, 1389, 411, 1350, 1279, 1593, 1692, 1344, 1597, 1505, 1706, 1224, 1055, 1382, 1156, 1052, 1190, 1112, 1248, 632, 1127, 1210, 1115, 1370, 1121, 1900, 1228, 850, 1356, 1301, 1177, 1413, 1199, 1798, 1044, 1383, 1561, 1268, 1403, 1557, 1733, 1626, 1460, 1942, 1473, 1771, 1336, 909, 1256, 1003, 1432, 1696, 1213, 980, 1200, 1238, 1147, 1037, 1277, 1153, 1085, 1716, 1305, 907, 1415, 1234, 1124, 1672, 1099, 1528, 1579, 1555, 1069, 1767, 1471, 1653, 1859, 1043, 1327, 1564, 1278, 1760, 1827, 948, 1275, 1662, 1882, 1595, 701, 1083, 1393, 1621, 1201, 1720, 1295, 1255, 1596, 1732, 940, 1174, 1289, 1042, 1273, 1667, 1302, 1749, 811, 1307, 1122, 1445, 1567, 987, 1651, 1901, 1566, 1514, 1575, 1322, 1685, 1646, 1805, 1589, 1455, 1644, 1173, 1165, 1633, 1533, 1777, 1324, 1388, 1310, 1482, 1347, 1691, 1466, 1809, 1497, 1719, 1198, 1461, 1288, 1072, 1711, 1652, 1527, 1330, 762, 1410, 1245, 1549, 1274, 1487, 1479, 1381, 978, 859, 300, 1738, 1648, 1192, 1812, 1096, 1354, 1680, 1632, 1615, 1100, 1877, 1950, 1886, 1520, 1562, 1401, 1329, 1619, 1744, 1686, 1759, 1551, 1703, 1495, 1586, 1539, 1627, 1838, 1668, 1835, 1958, 1423, 1405, 1741, 1373, 1944, 1791, 1321, 1241, 1378, 1535, 1154, 1230, 1772, 1524, 1975, 1526, 1402, 1258, 1694, 1730, 1318, 1218, 1223, 1737, 1204, 955, 1837, 1304, 1679, 1424, 1543, 941, 1531, 1606, 1441, 1376, 1291, 1418, 1392, 1119, 1773, 1683, 1227, 922, 1853, 1261, 1374, 1779, 1842, 1400, 944, 820, 1572, 1605, 1588, 1620, 1253, 1751, 1434, 1102, 1047, 1814, 1831, 1788, 1891, 1907, 1270, 1976, 1793, 1536, 1820, 1892, 1650, 838, 1881, 1409, 1661, 1854, 1867, 1469, 936, 962, 1818, 979, 1553, 1209, 1765, 1320, 1364, 812, 1233, 1921, 1890, 1385, 1639, 1748, 1740, 1532, 1399, 1643, 923, 1912, 1501, 1700, 1591, 1212, 1470, 1871, 1817, 1146, 1219, 1953, 1508, 1417, 1657, 1880, 1335, 1803, 1671, 1695, 1718, 1810, 1485, 1602, 1548, 1637, 1715, 1152, 1856, 1312, 1384, 1888, 1875, 1659, 971, 1404, 1558, 1972, 1468, 1658, 1443, 1846, 1338, 1830, 1935, 1660, 1774, 1612, 1734, 1574, 1459, 1879, 1807, 1928, 1421, 1476, 1379, 1676, 1436, 1430, 1525, 1971, 1664, 1554, 1123, 1070, 1843, 1739, 1263, 1585, 1590, 1663, 876, 1698, 1841, 1904, 1599, 1956, 1540, 1328, 1452, 1906, 1811, 1931, 1408, 1743, 1992, 1556, 1677, 1941, 1766, 1742, 1521, 1028, 1682, 1943, 1611, 1647, 1299, 1638, 1954, 898, 1578, 869, 1895, 1850, 1636, 1608, 1191, 1909, 1914, 1764, 1865, 1594, 1984, 1582, 920, 1545, 1411, 1489, 1616, 1784, 1456, 1736, 1782, 1670, 1878, 1467, 1641, 1910, 1750, 1893, 1747, 1645, 1709, 758, 1936, 1325, 1754, 1625, 1757, 1752, 1666, 1889, 1965, 1184, 1439, 1945, 1785, 1951, 1614, 1973, 1559, 1979, 1832, 1970, 1872, 1642, 1689, 1787, 1568, 1980, 1753, 1799, 1792, 1756, 1499, 1708, 1699, 1427, 1649, 1768, 1896, 1917, 1870, 1161, 1613, 1898, 1997, 954, 1826, 1475, 1678, 1446, 1924, 1987, 1640, 1565, 1876, 1929, 1704, 1702, 1998, 1513, 1852, 1855, 1937, 1622, 1862, 1655, 1802, 1701, 1920, 1351, 1617, 1844, 1789, 1717, 1705, 1801, 1989, 1712, 1576, 1665, 1874, 1394, 1995, 1745, 1481, 1332, 1534, 1869, 1840, 1584, 1974, 1592, 1629, 1247, 1755, 1061, 1537, 1507, 1761, 1926, 1776, 1725, 1570, 1728, 1959, 1821, 1477, 1380, 1346, 1967, 1490, 1796, 1899, 1993, 1580, 1220, 1560, 1804, 1806, 1323, 1544, 1697, 1847, 1963, 1849, 1517, 1955, 1940, 1634, 1462, 1962, 1911, 1783, 1808, 1823, 1986, 1797, 1690, 1746, 1780, 1778, 1903, 1813, 1918, 1538, 1977, 1868, 1618, 1839, 1927, 1729, 1968, 1786, 1933, 1714, 1836, 1905, 1457, 1541, 1930, 1923, 1833, 1902, 1654, 1894, 1915, 1994, 1693, 1999, 1635, 1397, 1815, 1688, 1518, 1724, 1483, 1916, 1828, 1983, 1978, 1731, 1790, 1491, 1932, 1848, 1969, 1447, 1795, 1934, 1316, 1873, 1824, 1885, 1502, 1552, 1964, 1949, 1829, 1510, 1864, 1957, 1985, 1522, 1822, 1960, 1925, 1982, 1883, 1631, 1966, 1794, 1770, 1816, 1762, 1946, 1990, 1908, 1919, 1897, 1988, 1825, 1735, 1769, 1961, 80, 1952, 928, 1887, 1863, 1758, 883, 642, 0]
