100
4950
0   1   2
0   2   4
0   3   3
0   4   7
0   5   1
0   6   2
0   7   6
0   8   3
0   9   4
0   10  12
0   11  4
0   12  2
0   13  14
0   14  3
0   15  3
0   17  9
0   16  5
0   19  2
0   18  7
0   21  2
0   20  2
0   23  6
0   22  10
0   25  11
0   24  1
0   27  13
0   26  3
0   29  15
0   28  8
0   31  6
0   30  3
0   34  9
0   35  8
0   32  2
0   33  13
0   38  4
0   39  14
0   36  5
0   37  4
0   42  18
0   43  6
0   40  1
0   41  5
0   46  6
0   47  23
0   44  2
0   45  9
0   51  7
0   50  13
0   49  1
0   48  5
0   55  2
0   54  2
0   53  11
0   52  2
0   59  4
0   58  5
0   57  2
0   56  4
0   63  6
0   62  2
0   61  4
0   60  7
0   68  10
0   69  2
0   70  3
0   71  3
0   64  4
0   65  7
0   66  6
0   67  2
0   76  4
0   77  2
0   78  15
0   79  9
0   72  4
0   73  5
0   74  5
0   75  7
0   85  6
0   84  3
0   87  3
0   86  15
0   81  5
0   80  18
0   83  11
0   82  3
0   93  8
0   92  3
0   95  10
0   94  8
0   89  4
0   88  3
0   91  13
0   90  2
0   98  3
0   99  5
0   96  2
0   97  3
1   2   8
1   3   4
1   4   5
1   5   2
1   6   20
1   7   11
1   8   1
1   9   2
1   10  4
1   11  2
1   12  4
1   13  2
1   14  14
1   15  8
1   17  2
1   16  5
1   19  18
1   18  3
1   21  1
1   20  3
1   23  6
1   22  7
1   25  6
1   24  2
1   27  6
1   26  2
1   29  4
1   28  17
1   31  3
1   30  3
1   34  7
1   35  2
1   32  2
1   33  5
1   38  4
1   39  4
1   36  12
1   37  2
1   42  1
1   43  4
1   40  3
1   41  2
1   46  10
1   47  10
1   44  10
1   45  10
1   51  4
1   50  10
1   49  21
1   48  11
1   55  4
1   54  14
1   53  1
1   52  12
1   59  2
1   58  18
1   57  2
1   56  6
1   63  3
1   62  4
1   61  1
1   60  2
1   68  10
1   69  4
1   70  5
1   71  3
1   64  6
1   65  3
1   66  10
1   67  6
1   76  2
1   77  5
1   78  2
1   79  12
1   72  5
1   73  7
1   74  39
1   75  5
1   85  6
1   84  7
1   87  3
1   86  7
1   81  7
1   80  4
1   83  4
1   82  1
1   93  2
1   92  12
1   95  3
1   94  3
1   89  3
1   88  18
1   91  7
1   90  3
1   98  5
1   99  4
1   96  7
1   97  8
2   3   4
2   4   1
2   5   1
2   6   2
2   7   15
2   8   19
2   9   4
2   10  2
2   11  2
2   12  4
2   13  1
2   14  1
2   15  7
2   17  2
2   16  13
2   19  8
2   18  3
2   21  4
2   20  3
2   23  12
2   22  2
2   25  10
2   24  2
2   27  7
2   26  1
2   29  10
2   28  7
2   31  2
2   30  9
2   34  1
2   35  7
2   32  13
2   33  4
2   38  11
2   39  2
2   36  2
2   37  13
2   42  6
2   43  6
2   40  4
2   41  5
2   46  1
2   47  10
2   44  3
2   45  6
2   51  3
2   50  4
2   49  3
2   48  1
2   55  2
2   54  11
2   53  2
2   52  3
2   59  2
2   58  1
2   57  5
2   56  5
2   63  1
2   62  4
2   61  2
2   60  3
2   68  3
2   69  1
2   70  5
2   71  9
2   64  4
2   65  2
2   66  1
2   67  10
2   76  2
2   77  1
2   78  3
2   79  4
2   72  3
2   73  3
2   74  7
2   75  3
2   85  6
2   84  7
2   87  4
2   86  5
2   81  6
2   80  2
2   83  1
2   82  4
2   93  5
2   92  3
2   95  3
2   94  12
2   89  2
2   88  2
2   91  3
2   90  4
2   98  1
2   99  1
2   96  1
2   97  3
3   4   1
3   5   7
3   6   2
3   7   3
3   8   2
3   9   10
3   10  3
3   11  10
3   12  2
3   13  3
3   14  7
3   15  10
3   17  3
3   16  20
3   19  4
3   18  7
3   21  10
3   20  3
3   23  3
3   22  1
3   25  1
3   24  3
3   27  4
3   26  10
3   29  4
3   28  4
3   31  2
3   30  4
3   34  11
3   35  3
3   32  12
3   33  3
3   38  3
3   39  3
3   36  3
3   37  10
3   42  12
3   43  10
3   40  4
3   41  4
3   46  1
3   47  4
3   44  12
3   45  15
3   51  2
3   50  4
3   49  3
3   48  8
3   55  2
3   54  6
3   53  4
3   52  8
3   59  5
3   58  2
3   57  2
3   56  7
3   63  7
3   62  10
3   61  10
3   60  4
3   68  4
3   69  2
3   70  14
3   71  2
3   64  5
3   65  9
3   66  3
3   67  7
3   76  4
3   77  1
3   78  6
3   79  8
3   72  6
3   73  2
3   74  4
3   75  5
3   85  9
3   84  2
3   87  4
3   86  7
3   81  3
3   80  5
3   83  3
3   82  9
3   93  3
3   92  18
3   95  3
3   94  7
3   89  4
3   88  2
3   91  8
3   90  1
3   98  2
3   99  7
3   96  4
3   97  3
4   5   3
4   6   7
4   7   4
4   8   10
4   9   10
4   10  2
4   11  5
4   12  7
4   13  2
4   14  6
4   15  2
4   17  3
4   16  14
4   19  3
4   18  8
4   21  3
4   20  7
4   23  13
4   22  18
4   25  3
4   24  1
4   27  5
4   26  2
4   29  3
4   28  6
4   31  5
4   30  6
4   34  3
4   35  17
4   32  9
4   33  10
4   38  4
4   39  10
4   36  1
4   37  2
4   42  8
4   43  2
4   40  12
4   41  8
4   46  3
4   47  4
4   44  2
4   45  7
4   51  14
4   50  5
4   49  4
4   48  4
4   55  8
4   54  3
4   53  3
4   52  8
4   59  3
4   58  2
4   57  12
4   56  1
4   63  3
4   62  2
4   61  3
4   60  12
4   68  4
4   69  12
4   70  5
4   71  2
4   64  4
4   65  10
4   66  7
4   67  6
4   76  3
4   77  8
4   78  2
4   79  3
4   72  2
4   73  24
4   74  2
4   75  2
4   85  10
4   84  1
4   87  17
4   86  8
4   81  6
4   80  4
4   83  5
4   82  6
4   93  3
4   92  16
4   95  1
4   94  2
4   89  2
4   88  6
4   91  20
4   90  1
4   98  15
4   99  14
4   96  8
4   97  1
5   6   1
5   7   6
5   8   5
5   9   2
5   10  5
5   11  1
5   12  3
5   13  14
5   14  13
5   15  9
5   17  12
5   16  2
5   19  7
5   18  2
5   21  5
5   20  1
5   23  1
5   22  8
5   25  6
5   24  2
5   27  4
5   26  4
5   29  5
5   28  3
5   31  3
5   30  3
5   34  3
5   35  13
5   32  4
5   33  6
5   38  2
5   39  1
5   36  1
5   37  4
5   42  1
5   43  2
5   40  6
5   41  2
5   46  2
5   47  4
5   44  12
5   45  7
5   51  3
5   50  2
5   49  1
5   48  6
5   55  17
5   54  2
5   53  3
5   52  1
5   59  3
5   58  10
5   57  3
5   56  12
5   63  2
5   62  13
5   61  2
5   60  9
5   68  8
5   69  4
5   70  2
5   71  3
5   64  5
5   65  8
5   66  30
5   67  17
5   76  4
5   77  3
5   78  2
5   79  8
5   72  6
5   73  1
5   74  7
5   75  4
5   85  9
5   84  14
5   87  4
5   86  2
5   81  3
5   80  7
5   83  13
5   82  10
5   93  4
5   92  6
5   95  9
5   94  6
5   89  1
5   88  8
5   91  8
5   90  8
5   98  22
5   99  5
5   96  9
5   97  11
6   7   3
6   8   8
6   9   3
6   10  8
6   11  1
6   12  6
6   13  4
6   14  3
6   15  7
6   17  2
6   16  3
6   19  7
6   18  5
6   21  2
6   20  3
6   23  17
6   22  16
6   25  2
6   24  5
6   27  3
6   26  9
6   29  4
6   28  5
6   31  3
6   30  14
6   34  4
6   35  5
6   32  3
6   33  2
6   38  10
6   39  4
6   36  1
6   37  10
6   42  2
6   43  2
6   40  5
6   41  2
6   46  8
6   47  3
6   44  1
6   45  10
6   51  2
6   50  6
6   49  5
6   48  5
6   55  4
6   54  6
6   53  2
6   52  1
6   59  5
6   58  3
6   57  4
6   56  9
6   63  4
6   62  10
6   61  2
6   60  10
6   68  2
6   69  2
6   70  7
6   71  2
6   64  9
6   65  3
6   66  19
6   67  4
6   76  1
6   77  5
6   78  3
6   79  19
6   72  2
6   73  4
6   74  7
6   75  6
6   85  7
6   84  2
6   87  11
6   86  5
6   81  4
6   80  4
6   83  2
6   82  18
6   93  1
6   92  2
6   95  4
6   94  11
6   89  2
6   88  4
6   91  5
6   90  2
6   98  29
6   99  4
6   96  1
6   97  17
7   8   5
7   9   2
7   10  3
7   11  2
7   12  2
7   13  3
7   14  12
7   15  1
7   17  4
7   16  15
7   19  13
7   18  4
7   21  10
7   20  3
7   23  12
7   22  6
7   25  2
7   24  9
7   27  3
7   26  6
7   29  1
7   28  2
7   31  6
7   30  24
7   34  3
7   35  12
7   32  9
7   33  2
7   38  5
7   39  2
7   36  11
7   37  2
7   42  19
7   43  5
7   40  3
7   41  2
7   46  1
7   47  3
7   44  15
7   45  5
7   51  2
7   50  6
7   49  4
7   48  5
7   55  37
7   54  10
7   53  3
7   52  4
7   59  3
7   58  8
7   57  5
7   56  8
7   63  6
7   62  5
7   61  7
7   60  9
7   68  5
7   69  13
7   70  3
7   71  1
7   64  3
7   65  2
7   66  1
7   67  5
7   76  19
7   77  3
7   78  7
7   79  5
7   72  8
7   73  2
7   74  4
7   75  9
7   85  5
7   84  4
7   87  4
7   86  6
7   81  3
7   80  4
7   83  5
7   82  5
7   93  5
7   92  3
7   95  3
7   94  3
7   89  4
7   88  2
7   91  8
7   90  9
7   98  2
7   99  4
7   96  15
7   97  3
8   9   9
8   10  7
8   11  4
8   12  4
8   13  17
8   14  15
8   15  12
8   17  9
8   16  5
8   19  4
8   18  3
8   21  3
8   20  14
8   23  15
8   22  3
8   25  11
8   24  2
8   27  1
8   26  6
8   29  6
8   28  3
8   31  9
8   30  7
8   34  4
8   35  8
8   32  1
8   33  8
8   38  8
8   39  2
8   36  3
8   37  21
8   42  6
8   43  1
8   40  3
8   41  3
8   46  7
8   47  4
8   44  2
8   45  15
8   51  2
8   50  4
8   49  3
8   48  20
8   55  4
8   54  4
8   53  19
8   52  1
8   59  4
8   58  6
8   57  2
8   56  9
8   63  11
8   62  3
8   61  9
8   60  6
8   68  4
8   69  12
8   70  1
8   71  2
8   64  5
8   65  2
8   66  7
8   67  7
8   76  15
8   77  11
8   78  10
8   79  5
8   72  2
8   73  1
8   74  7
8   75  2
8   85  3
8   84  2
8   87  6
8   86  7
8   81  12
8   80  11
8   83  1
8   82  7
8   93  2
8   92  9
8   95  3
8   94  24
8   89  2
8   88  2
8   91  2
8   90  3
8   98  1
8   99  14
8   96  8
8   97  3
9   10  2
9   11  5
9   12  11
9   13  2
9   14  1
9   15  2
9   17  2
9   16  4
9   19  2
9   18  5
9   21  5
9   20  4
9   23  1
9   22  8
9   25  3
9   24  11
9   27  6
9   26  4
9   29  2
9   28  5
9   31  9
9   30  1
9   34  2
9   35  2
9   32  1
9   33  5
9   38  5
9   39  10
9   36  5
9   37  4
9   42  12
9   43  3
9   40  8
9   41  7
9   46  4
9   47  11
9   44  3
9   45  8
9   51  8
9   50  1
9   49  2
9   48  6
9   55  4
9   54  7
9   53  8
9   52  12
9   59  8
9   58  4
9   57  2
9   56  13
9   63  4
9   62  3
9   61  2
9   60  1
9   68  10
9   69  2
9   70  11
9   71  2
9   64  3
9   65  7
9   66  10
9   67  3
9   76  1
9   77  1
9   78  17
9   79  1
9   72  3
9   73  6
9   74  9
9   75  1
9   85  2
9   84  2
9   87  7
9   86  15
9   81  11
9   80  20
9   83  3
9   82  1
9   93  5
9   92  7
9   95  5
9   94  2
9   89  4
9   88  19
9   91  3
9   90  13
9   98  9
9   99  4
9   96  6
9   97  1
10  11  4
10  12  16
10  13  2
10  14  18
10  15  5
10  17  3
10  16  1
10  19  5
10  18  4
10  21  1
10  20  10
10  23  2
10  22  5
10  25  6
10  24  2
10  27  7
10  26  3
10  29  2
10  28  7
10  31  10
10  30  1
10  34  3
10  35  7
10  32  4
10  33  6
10  38  9
10  39  2
10  36  7
10  37  3
10  42  5
10  43  10
10  40  2
10  41  2
10  46  5
10  47  10
10  44  4
10  45  2
10  51  6
10  50  10
10  49  11
10  48  4
10  55  7
10  54  1
10  53  1
10  52  20
10  59  5
10  58  6
10  57  17
10  56  1
10  63  5
10  62  12
10  61  1
10  60  5
10  68  1
10  69  25
10  70  6
10  71  5
10  64  11
10  65  9
10  66  14
10  67  21
10  76  4
10  77  5
10  78  4
10  79  3
10  72  5
10  73  13
10  74  6
10  75  13
10  85  3
10  84  4
10  87  9
10  86  1
10  81  3
10  80  12
10  83  9
10  82  1
10  93  3
10  92  22
10  95  6
10  94  3
10  89  9
10  88  5
10  91  32
10  90  13
10  98  4
10  99  3
10  96  3
10  97  6
11  12  11
11  13  8
11  14  8
11  15  3
11  17  3
11  16  3
11  19  4
11  18  6
11  21  3
11  20  3
11  23  2
11  22  14
11  25  6
11  24  2
11  27  6
11  26  5
11  29  2
11  28  4
11  31  12
11  30  2
11  34  1
11  35  5
11  32  9
11  33  11
11  38  8
11  39  8
11  36  13
11  37  10
11  42  3
11  43  3
11  40  15
11  41  9
11  46  2
11  47  9
11  44  14
11  45  3
11  51  1
11  50  2
11  49  2
11  48  1
11  55  9
11  54  2
11  53  5
11  52  5
11  59  7
11  58  5
11  57  21
11  56  1
11  63  3
11  62  1
11  61  14
11  60  5
11  68  5
11  69  1
11  70  11
11  71  6
11  64  12
11  65  3
11  66  7
11  67  4
11  76  8
11  77  5
11  78  4
11  79  7
11  72  7
11  73  10
11  74  3
11  75  8
11  85  7
11  84  2
11  87  12
11  86  3
11  81  9
11  80  4
11  83  4
11  82  5
11  93  11
11  92  3
11  95  18
11  94  3
11  89  4
11  88  4
11  91  2
11  90  2
11  98  5
11  99  6
11  96  2
11  97  2
12  13  2
12  14  19
12  15  4
12  17  2
12  16  3
12  19  4
12  18  2
12  21  7
12  20  1
12  23  14
12  22  4
12  25  11
12  24  4
12  27  2
12  26  2
12  29  3
12  28  11
12  31  3
12  30  11
12  34  8
12  35  7
12  32  1
12  33  5
12  38  8
12  39  7
12  36  5
12  37  5
12  42  6
12  43  2
12  40  7
12  41  4
12  46  7
12  47  1
12  44  3
12  45  4
12  51  5
12  50  3
12  49  1
12  48  8
12  55  4
12  54  8
12  53  3
12  52  3
12  59  7
12  58  3
12  57  7
12  56  2
12  63  9
12  62  10
12  61  32
12  60  2
12  68  3
12  69  7
12  70  11
12  71  3
12  64  4
12  65  42
12  66  7
12  67  4
12  76  9
12  77  7
12  78  6
12  79  4
12  72  3
12  73  5
12  74  9
12  75  12
12  85  3
12  84  3
12  87  4
12  86  4
12  81  6
12  80  15
12  83  4
12  82  6
12  93  2
12  92  8
12  95  7
12  94  6
12  89  6
12  88  5
12  91  22
12  90  1
12  98  2
12  99  5
12  96  10
12  97  1
13  14  8
13  15  7
13  17  1
13  16  4
13  19  3
13  18  8
13  21  10
13  20  1
13  23  11
13  22  6
13  25  4
13  24  2
13  27  9
13  26  3
13  29  3
13  28  16
13  31  3
13  30  11
13  34  2
13  35  2
13  32  11
13  33  8
13  38  4
13  39  21
13  36  3
13  37  3
13  42  3
13  43  2
13  40  3
13  41  12
13  46  7
13  47  4
13  44  2
13  45  8
13  51  5
13  50  2
13  49  5
13  48  1
13  55  10
13  54  6
13  53  5
13  52  15
13  59  5
13  58  1
13  57  1
13  56  3
13  63  2
13  62  2
13  61  4
13  60  1
13  68  1
13  69  2
13  70  2
13  71  2
13  64  5
13  65  5
13  66  4
13  67  1
13  76  3
13  77  5
13  78  7
13  79  7
13  72  12
13  73  2
13  74  15
13  75  2
13  85  16
13  84  9
13  87  2
13  86  6
13  81  1
13  80  5
13  83  1
13  82  7
13  93  7
13  92  3
13  95  3
13  94  2
13  89  8
13  88  4
13  91  2
13  90  7
13  98  6
13  99  3
13  96  14
13  97  4
14  15  3
14  17  7
14  16  12
14  19  3
14  18  10
14  21  20
14  20  10
14  23  2
14  22  2
14  25  13
14  24  10
14  27  9
14  26  10
14  29  5
14  28  1
14  31  6
14  30  11
14  34  1
14  35  4
14  32  5
14  33  1
14  38  6
14  39  1
14  36  4
14  37  1
14  42  8
14  43  13
14  40  17
14  41  18
14  46  13
14  47  4
14  44  16
14  45  2
14  51  4
14  50  13
14  49  9
14  48  9
14  55  5
14  54  2
14  53  14
14  52  2
14  59  3
14  58  6
14  57  2
14  56  14
14  63  4
14  62  9
14  61  8
14  60  3
14  68  10
14  69  12
14  70  8
14  71  2
14  64  5
14  65  12
14  66  4
14  67  8
14  76  2
14  77  3
14  78  3
14  79  2
14  72  5
14  73  8
14  74  6
14  75  8
14  85  4
14  84  2
14  87  3
14  86  5
14  81  4
14  80  5
14  83  3
14  82  14
14  93  8
14  92  3
14  95  3
14  94  19
14  89  6
14  88  6
14  91  9
14  90  7
14  98  3
14  99  12
14  96  5
14  97  3
15  17  1
15  16  9
15  19  4
15  18  1
15  21  19
15  20  2
15  23  2
15  22  6
15  25  6
15  24  3
15  27  1
15  26  13
15  29  2
15  28  7
15  31  2
15  30  7
15  34  9
15  35  1
15  32  3
15  33  7
15  38  1
15  39  4
15  36  3
15  37  2
15  42  2
15  43  6
15  40  4
15  41  14
15  46  6
15  47  6
15  44  7
15  45  1
15  51  4
15  50  1
15  49  2
15  48  7
15  55  1
15  54  9
15  53  4
15  52  4
15  59  8
15  58  2
15  57  9
15  56  12
15  63  3
15  62  2
15  61  11
15  60  5
15  68  4
15  69  9
15  70  8
15  71  5
15  64  14
15  65  25
15  66  8
15  67  2
15  76  3
15  77  7
15  78  16
15  79  6
15  72  4
15  73  5
15  74  5
15  75  7
15  85  2
15  84  2
15  87  5
15  86  5
15  81  17
15  80  15
15  83  5
15  82  9
15  93  4
15  92  1
15  95  5
15  94  6
15  89  3
15  88  13
15  91  7
15  90  6
15  98  2
15  99  8
15  96  2
15  97  3
16  17  2
16  19  7
16  18  4
16  21  5
16  20  4
16  23  20
16  22  6
16  25  7
16  24  10
16  27  5
16  26  5
16  29  20
16  28  3
16  31  8
16  30  8
16  34  1
16  35  2
16  32  6
16  33  3
16  38  10
16  39  21
16  36  5
16  37  4
16  42  12
16  43  2
16  40  9
16  41  5
16  46  9
16  47  4
16  44  5
16  45  3
16  51  5
16  50  8
16  49  8
16  48  4
16  55  8
16  54  9
16  53  6
16  52  3
16  59  3
16  58  2
16  57  4
16  56  2
16  63  19
16  62  9
16  61  2
16  60  8
16  68  6
16  69  13
16  70  12
16  71  4
16  64  11
16  65  7
16  66  12
16  67  13
16  76  11
16  77  2
16  78  5
16  79  13
16  72  3
16  73  8
16  74  2
16  75  5
16  85  2
16  84  6
16  87  4
16  86  3
16  81  10
16  80  8
16  83  3
16  82  4
16  93  5
16  92  6
16  95  1
16  94  6
16  89  6
16  88  12
16  91  5
16  90  3
16  98  17
16  99  3
16  96  5
16  97  15
17  19  11
17  18  2
17  21  4
17  20  3
17  23  2
17  22  5
17  25  7
17  24  3
17  27  24
17  26  11
17  29  4
17  28  5
17  31  1
17  30  3
17  34  4
17  35  5
17  32  4
17  33  20
17  38  7
17  39  3
17  36  4
17  37  7
17  42  5
17  43  8
17  40  5
17  41  14
17  46  6
17  47  4
17  44  12
17  45  2
17  51  10
17  50  9
17  49  2
17  48  3
17  55  6
17  54  2
17  53  4
17  52  6
17  59  13
17  58  3
17  57  4
17  56  6
17  63  2
17  62  2
17  61  17
17  60  3
17  68  2
17  69  11
17  70  5
17  71  11
17  64  3
17  65  1
17  66  7
17  67  4
17  76  1
17  77  2
17  78  9
17  79  11
17  72  3
17  73  5
17  74  1
17  75  5
17  85  11
17  84  5
17  87  2
17  86  3
17  81  3
17  80  17
17  83  4
17  82  3
17  93  2
17  92  2
17  95  7
17  94  17
17  89  6
17  88  7
17  91  3
17  90  3
17  98  4
17  99  8
17  96  4
17  97  7
18  19  9
18  21  3
18  20  7
18  23  1
18  22  6
18  25  9
18  24  3
18  27  7
18  26  8
18  29  8
18  28  14
18  31  4
18  30  3
18  34  14
18  35  4
18  32  6
18  33  5
18  38  1
18  39  17
18  36  1
18  37  11
18  42  4
18  43  17
18  40  8
18  41  14
18  46  22
18  47  5
18  44  3
18  45  4
18  51  5
18  50  8
18  49  21
18  48  6
18  55  2
18  54  3
18  53  4
18  52  5
18  59  1
18  58  3
18  57  3
18  56  13
18  63  8
18  62  3
18  61  8
18  60  14
18  68  1
18  69  18
18  70  2
18  71  1
18  64  1
18  65  6
18  66  8
18  67  3
18  76  2
18  77  3
18  78  2
18  79  2
18  72  3
18  73  4
18  74  12
18  75  3
18  85  12
18  84  2
18  87  2
18  86  1
18  81  11
18  80  7
18  83  4
18  82  2
18  93  2
18  92  3
18  95  3
18  94  2
18  89  9
18  88  1
18  91  4
18  90  2
18  98  6
18  99  2
18  96  13
18  97  4
19  21  6
19  20  4
19  23  2
19  22  4
19  25  2
19  24  6
19  27  2
19  26  1
19  29  5
19  28  3
19  31  6
19  30  5
19  34  9
19  35  2
19  32  11
19  33  14
19  38  8
19  39  2
19  36  12
19  37  3
19  42  2
19  43  3
19  40  3
19  41  2
19  46  7
19  47  6
19  44  8
19  45  16
19  51  2
19  50  4
19  49  7
19  48  12
19  55  5
19  54  9
19  53  16
19  52  3
19  59  4
19  58  2
19  57  13
19  56  2
19  63  2
19  62  3
19  61  1
19  60  4
19  68  4
19  69  6
19  70  4
19  71  24
19  64  3
19  65  1
19  66  3
19  67  11
19  76  2
19  77  1
19  78  4
19  79  2
19  72  2
19  73  6
19  74  1
19  75  9
19  85  2
19  84  1
19  87  6
19  86  3
19  81  2
19  80  3
19  83  9
19  82  12
19  93  12
19  92  2
19  95  3
19  94  6
19  89  13
19  88  16
19  91  2
19  90  16
19  98  4
19  99  2
19  96  3
19  97  10
20  21  17
20  23  6
20  22  4
20  25  11
20  24  5
20  27  4
20  26  9
20  29  3
20  28  2
20  31  3
20  30  13
20  34  8
20  35  2
20  32  2
20  33  14
20  38  9
20  39  2
20  36  3
20  37  4
20  42  2
20  43  4
20  40  31
20  41  5
20  46  8
20  47  2
20  44  26
20  45  9
20  51  14
20  50  8
20  49  13
20  48  2
20  55  1
20  54  1
20  53  4
20  52  12
20  59  4
20  58  2
20  57  11
20  56  11
20  63  7
20  62  4
20  61  2
20  60  5
20  68  1
20  69  7
20  70  4
20  71  24
20  64  7
20  65  11
20  66  8
20  67  6
20  76  1
20  77  6
20  78  13
20  79  3
20  72  9
20  73  8
20  74  16
20  75  4
20  85  8
20  84  2
20  87  17
20  86  1
20  81  3
20  80  2
20  83  4
20  82  3
20  93  1
20  92  2
20  95  4
20  94  5
20  89  6
20  88  1
20  91  3
20  90  6
20  98  2
20  99  4
20  96  9
20  97  3
21  23  1
21  22  1
21  25  5
21  24  5
21  27  5
21  26  4
21  29  7
21  28  3
21  31  3
21  30  2
21  34  2
21  35  3
21  32  5
21  33  1
21  38  6
21  39  1
21  36  6
21  37  2
21  42  3
21  43  5
21  40  2
21  41  3
21  46  2
21  47  1
21  44  3
21  45  6
21  51  5
21  50  7
21  49  2
21  48  1
21  55  3
21  54  3
21  53  2
21  52  2
21  59  5
21  58  7
21  57  12
21  56  2
21  63  18
21  62  6
21  61  13
21  60  5
21  68  2
21  69  11
21  70  5
21  71  13
21  64  10
21  65  2
21  66  2
21  67  6
21  76  16
21  77  8
21  78  1
21  79  2
21  72  3
21  73  2
21  74  18
21  75  16
21  85  7
21  84  3
21  87  3
21  86  21
21  81  4
21  80  3
21  83  1
21  82  7
21  93  5
21  92  6
21  95  1
21  94  6
21  89  1
21  88  11
21  91  2
21  90  3
21  98  7
21  99  2
21  96  9
21  97  6
22  23  2
22  25  18
22  24  2
22  27  4
22  26  6
22  29  6
22  28  3
22  31  4
22  30  4
22  34  3
22  35  1
22  32  18
22  33  4
22  38  8
22  39  5
22  36  3
22  37  2
22  42  18
22  43  6
22  40  7
22  41  5
22  46  2
22  47  4
22  44  14
22  45  12
22  51  21
22  50  6
22  49  1
22  48  2
22  55  1
22  54  5
22  53  3
22  52  6
22  59  13
22  58  6
22  57  5
22  56  3
22  63  6
22  62  24
22  61  7
22  60  1
22  68  3
22  69  2
22  70  7
22  71  11
22  64  3
22  65  3
22  66  17
22  67  2
22  76  11
22  77  3
22  78  3
22  79  1
22  72  26
22  73  8
22  74  2
22  75  2
22  85  7
22  84  3
22  87  12
22  86  3
22  81  4
22  80  1
22  83  12
22  82  7
22  93  3
22  92  3
22  95  16
22  94  2
22  89  3
22  88  4
22  91  5
22  90  2
22  98  9
22  99  2
22  96  4
22  97  5
23  25  5
23  24  6
23  27  4
23  26  2
23  29  25
23  28  3
23  31  10
23  30  8
23  34  7
23  35  12
23  32  1
23  33  11
23  38  14
23  39  16
23  36  4
23  37  4
23  42  13
23  43  8
23  40  6
23  41  2
23  46  6
23  47  6
23  44  3
23  45  6
23  51  5
23  50  13
23  49  2
23  48  6
23  55  12
23  54  8
23  53  9
23  52  2
23  59  1
23  58  5
23  57  2
23  56  15
23  63  11
23  62  1
23  61  8
23  60  2
23  68  16
23  69  3
23  70  5
23  71  6
23  64  2
23  65  13
23  66  3
23  67  17
23  76  2
23  77  1
23  78  2
23  79  9
23  72  6
23  73  4
23  74  1
23  75  8
23  85  17
23  84  1
23  87  4
23  86  3
23  81  22
23  80  5
23  83  10
23  82  5
23  93  12
23  92  14
23  95  21
23  94  7
23  89  3
23  88  5
23  91  1
23  90  5
23  98  12
23  99  2
23  96  3
23  97  9
24  25  8
24  27  6
24  26  5
24  29  7
24  28  8
24  31  6
24  30  1
24  34  3
24  35  1
24  32  3
24  33  2
24  38  8
24  39  6
24  36  2
24  37  3
24  42  4
24  43  7
24  40  7
24  41  2
24  46  13
24  47  5
24  44  2
24  45  4
24  51  4
24  50  7
24  49  5
24  48  6
24  55  2
24  54  2
24  53  17
24  52  3
24  59  3
24  58  2
24  57  18
24  56  2
24  63  8
24  62  6
24  61  3
24  60  2
24  68  9
24  69  3
24  70  11
24  71  8
24  64  12
24  65  5
24  66  5
24  67  3
24  76  4
24  77  2
24  78  2
24  79  5
24  72  10
24  73  3
24  74  8
24  75  8
24  85  8
24  84  3
24  87  12
24  86  2
24  81  3
24  80  11
24  83  7
24  82  4
24  93  6
24  92  11
24  95  1
24  94  15
24  89  3
24  88  2
24  91  1
24  90  2
24  98  4
24  99  2
24  96  5
24  97  5
25  27  4
25  26  4
25  29  9
25  28  8
25  31  2
25  30  3
25  34  1
25  35  15
25  32  5
25  33  3
25  38  2
25  39  9
25  36  20
25  37  9
25  42  3
25  43  7
25  40  3
25  41  4
25  46  9
25  47  4
25  44  2
25  45  12
25  51  2
25  50  5
25  49  4
25  48  5
25  55  6
25  54  2
25  53  3
25  52  4
25  59  3
25  58  3
25  57  7
25  56  4
25  63  4
25  62  4
25  61  2
25  60  5
25  68  2
25  69  6
25  70  10
25  71  13
25  64  15
25  65  7
25  66  2
25  67  6
25  76  6
25  77  5
25  78  4
25  79  5
25  72  20
25  73  2
25  74  5
25  75  4
25  85  5
25  84  9
25  87  13
25  86  5
25  81  6
25  80  5
25  83  10
25  82  6
25  93  6
25  92  2
25  95  12
25  94  13
25  89  7
25  88  4
25  91  4
25  90  7
25  98  4
25  99  5
25  96  4
25  97  4
26  27  3
26  29  2
26  28  1
26  31  2
26  30  18
26  34  4
26  35  2
26  32  2
26  33  9
26  38  4
26  39  3
26  36  3
26  37  17
26  42  3
26  43  1
26  40  1
26  41  3
26  46  2
26  47  7
26  44  4
26  45  1
26  51  5
26  50  5
26  49  8
26  48  4
26  55  3
26  54  2
26  53  2
26  52  2
26  59  3
26  58  2
26  57  15
26  56  8
26  63  20
26  62  5
26  61  2
26  60  3
26  68  5
26  69  2
26  70  2
26  71  14
26  64  4
26  65  8
26  66  18
26  67  2
26  76  5
26  77  4
26  78  16
26  79  6
26  72  3
26  73  2
26  74  5
26  75  8
26  85  8
26  84  14
26  87  8
26  86  6
26  81  9
26  80  3
26  83  2
26  82  4
26  93  1
26  92  2
26  95  11
26  94  5
26  89  13
26  88  3
26  91  2
26  90  1
26  98  2
26  99  3
26  96  10
26  97  5
27  29  3
27  28  4
27  31  1
27  30  7
27  34  4
27  35  4
27  32  18
27  33  3
27  38  4
27  39  7
27  36  1
27  37  11
27  42  10
27  43  1
27  40  10
27  41  12
27  46  5
27  47  9
27  44  1
27  45  6
27  51  14
27  50  2
27  49  4
27  48  12
27  55  3
27  54  6
27  53  2
27  52  5
27  59  3
27  58  17
27  57  5
27  56  3
27  63  2
27  62  3
27  61  4
27  60  2
27  68  3
27  69  1
27  70  6
27  71  7
27  64  1
27  65  5
27  66  5
27  67  2
27  76  10
27  77  7
27  78  3
27  79  3
27  72  16
27  73  2
27  74  6
27  75  2
27  85  7
27  84  1
27  87  3
27  86  14
27  81  4
27  80  9
27  83  2
27  82  2
27  93  11
27  92  3
27  95  1
27  94  2
27  89  11
27  88  9
27  91  4
27  90  8
27  98  3
27  99  7
27  96  22
27  97  16
28  29  4
28  31  4
28  30  1
28  34  3
28  35  3
28  32  5
28  33  1
28  38  7
28  39  1
28  36  6
28  37  1
28  42  1
28  43  8
28  40  5
28  41  1
28  46  3
28  47  1
28  44  4
28  45  2
28  51  3
28  50  5
28  49  12
28  48  6
28  55  2
28  54  6
28  53  5
28  52  4
28  59  3
28  58  2
28  57  12
28  56  1
28  63  3
28  62  8
28  61  2
28  60  6
28  68  2
28  69  11
28  70  4
28  71  6
28  64  6
28  65  1
28  66  2
28  67  7
28  76  5
28  77  12
28  78  2
28  79  10
28  72  7
28  73  4
28  74  15
28  75  30
28  85  10
28  84  7
28  87  4
28  86  3
28  81  1
28  80  12
28  83  7
28  82  18
28  93  4
28  92  1
28  95  2
28  94  2
28  89  13
28  88  7
28  91  2
28  90  4
28  98  6
28  99  10
28  96  2
28  97  3
29  31  2
29  30  6
29  34  3
29  35  3
29  32  11
29  33  4
29  38  9
29  39  4
29  36  2
29  37  2
29  42  2
29  43  9
29  40  6
29  41  5
29  46  6
29  47  1
29  44  2
29  45  12
29  51  12
29  50  7
29  49  1
29  48  19
29  55  10
29  54  6
29  53  4
29  52  12
29  59  3
29  58  5
29  57  2
29  56  5
29  63  8
29  62  18
29  61  2
29  60  19
29  68  1
29  69  5
29  70  2
29  71  9
29  64  12
29  65  2
29  66  2
29  67  3
29  76  1
29  77  5
29  78  2
29  79  3
29  72  2
29  73  7
29  74  3
29  75  7
29  85  3
29  84  2
29  87  21
29  86  3
29  81  2
29  80  2
29  83  4
29  82  6
29  93  2
29  92  3
29  95  3
29  94  2
29  89  5
29  88  1
29  91  4
29  90  4
29  98  13
29  99  4
29  96  1
29  97  3
30  31  7
30  34  10
30  35  14
30  32  2
30  33  3
30  38  10
30  39  1
30  36  6
30  37  16
30  42  5
30  43  6
30  40  4
30  41  2
30  46  17
30  47  6
30  44  3
30  45  6
30  51  4
30  50  2
30  49  2
30  48  3
30  55  2
30  54  14
30  53  10
30  52  1
30  59  11
30  58  4
30  57  12
30  56  12
30  63  3
30  62  4
30  61  14
30  60  5
30  68  2
30  69  3
30  70  2
30  71  6
30  64  12
30  65  17
30  66  7
30  67  2
30  76  4
30  77  5
30  78  2
30  79  24
30  72  2
30  73  6
30  74  5
30  75  1
30  85  4
30  84  1
30  87  2
30  86  1
30  81  9
30  80  2
30  83  2
30  82  16
30  93  4
30  92  6
30  95  1
30  94  2
30  89  4
30  88  11
30  91  12
30  90  5
30  98  4
30  99  3
30  96  3
30  97  2
31  34  1
31  35  16
31  32  4
31  33  2
31  38  3
31  39  8
31  36  4
31  37  2
31  42  9
31  43  3
31  40  1
31  41  2
31  46  1
31  47  4
31  44  2
31  45  2
31  51  2
31  50  9
31  49  2
31  48  10
31  55  7
31  54  10
31  53  5
31  52  3
31  59  11
31  58  6
31  57  1
31  56  1
31  63  4
31  62  3
31  61  7
31  60  9
31  68  3
31  69  12
31  70  3
31  71  3
31  64  3
31  65  3
31  66  2
31  67  4
31  76  16
31  77  4
31  78  4
31  79  4
31  72  2
31  73  8
31  74  3
31  75  9
31  85  9
31  84  1
31  87  2
31  86  10
31  81  3
31  80  1
31  83  5
31  82  3
31  93  4
31  92  7
31  95  6
31  94  4
31  89  4
31  88  1
31  91  10
31  90  21
31  98  5
31  99  1
31  96  4
31  97  4
32  34  5
32  35  10
32  33  5
32  38  2
32  39  8
32  36  6
32  37  3
32  42  5
32  43  3
32  40  5
32  41  14
32  46  2
32  47  3
32  44  1
32  45  1
32  51  10
32  50  14
32  49  2
32  48  5
32  55  5
32  54  2
32  53  4
32  52  2
32  59  1
32  58  5
32  57  35
32  56  9
32  63  3
32  62  8
32  61  2
32  60  2
32  68  2
32  69  3
32  70  2
32  71  1
32  64  6
32  65  8
32  66  10
32  67  14
32  76  8
32  77  2
32  78  16
32  79  1
32  72  1
32  73  1
32  74  2
32  75  3
32  85  3
32  84  4
32  87  9
32  86  8
32  81  2
32  80  1
32  83  2
32  82  15
32  93  5
32  92  11
32  95  3
32  94  2
32  89  10
32  88  16
32  91  3
32  90  2
32  98  3
32  99  6
32  96  3
32  97  3
33  34  2
33  35  6
33  38  1
33  39  11
33  36  5
33  37  9
33  42  7
33  43  4
33  40  5
33  41  9
33  46  11
33  47  3
33  44  13
33  45  6
33  51  2
33  50  8
33  49  2
33  48  9
33  55  7
33  54  13
33  53  22
33  52  6
33  59  2
33  58  16
33  57  1
33  56  11
33  63  20
33  62  2
33  61  15
33  60  2
33  68  3
33  69  6
33  70  5
33  71  2
33  64  11
33  65  4
33  66  6
33  67  15
33  76  5
33  77  2
33  78  1
33  79  7
33  72  9
33  73  3
33  74  18
33  75  9
33  85  2
33  84  2
33  87  7
33  86  17
33  81  3
33  80  15
33  83  7
33  82  12
33  93  3
33  92  9
33  95  8
33  94  1
33  89  4
33  88  5
33  91  1
33  90  1
33  98  4
33  99  5
33  96  5
33  97  2
34  35  4
34  38  11
34  39  7
34  36  4
34  37  4
34  42  9
34  43  6
34  40  10
34  41  7
34  46  1
34  47  6
34  44  9
34  45  7
34  51  15
34  50  2
34  49  6
34  48  3
34  55  8
34  54  12
34  53  5
34  52  6
34  59  10
34  58  7
34  57  3
34  56  8
34  63  6
34  62  4
34  61  11
34  60  4
34  68  1
34  69  25
34  70  2
34  71  3
34  64  4
34  65  1
34  66  7
34  67  9
34  76  3
34  77  8
34  78  8
34  79  7
34  72  2
34  73  13
34  74  4
34  75  3
34  85  2
34  84  2
34  87  2
34  86  3
34  81  6
34  80  16
34  83  17
34  82  3
34  93  11
34  92  4
34  95  5
34  94  4
34  89  2
34  88  1
34  91  2
34  90  5
34  98  6
34  99  1
34  96  3
34  97  4
35  38  3
35  39  12
35  36  6
35  37  9
35  42  2
35  43  3
35  40  12
35  41  14
35  46  3
35  47  12
35  44  4
35  45  4
35  51  12
35  50  12
35  49  2
35  48  6
35  55  7
35  54  9
35  53  1
35  52  3
35  59  15
35  58  11
35  57  9
35  56  2
35  63  5
35  62  2
35  61  2
35  60  1
35  68  8
35  69  6
35  70  2
35  71  4
35  64  6
35  65  7
35  66  2
35  67  3
35  76  1
35  77  4
35  78  3
35  79  7
35  72  8
35  73  9
35  74  1
35  75  2
35  85  8
35  84  2
35  87  2
35  86  3
35  81  6
35  80  10
35  83  10
35  82  8
35  93  2
35  92  35
35  95  1
35  94  1
35  89  28
35  88  5
35  91  1
35  90  3
35  98  2
35  99  25
35  96  3
35  97  12
36  38  4
36  39  5
36  37  5
36  42  2
36  43  3
36  40  1
36  41  4
36  46  9
36  47  4
36  44  8
36  45  4
36  51  6
36  50  4
36  49  8
36  48  2
36  55  3
36  54  4
36  53  4
36  52  3
36  59  7
36  58  1
36  57  4
36  56  2
36  63  5
36  62  1
36  61  5
36  60  9
36  68  7
36  69  2
36  70  2
36  71  2
36  64  11
36  65  2
36  66  4
36  67  2
36  76  3
36  77  2
36  78  6
36  79  2
36  72  6
36  73  10
36  74  2
36  75  5
36  85  6
36  84  2
36  87  17
36  86  14
36  81  18
36  80  6
36  83  2
36  82  4
36  93  2
36  92  1
36  95  1
36  94  4
36  89  16
36  88  3
36  91  3
36  90  8
36  98  5
36  99  8
36  96  6
36  97  3
37  38  6
37  39  5
37  42  4
37  43  2
37  40  5
37  41  6
37  46  4
37  47  4
37  44  1
37  45  2
37  51  19
37  50  4
37  49  3
37  48  4
37  55  2
37  54  7
37  53  2
37  52  2
37  59  2
37  58  9
37  57  4
37  56  2
37  63  1
37  62  3
37  61  1
37  60  13
37  68  9
37  69  6
37  70  2
37  71  2
37  64  4
37  65  9
37  66  6
37  67  7
37  76  3
37  77  1
37  78  10
37  79  6
37  72  1
37  73  11
37  74  10
37  75  5
37  85  9
37  84  4
37  87  3
37  86  3
37  81  3
37  80  10
37  83  2
37  82  12
37  93  15
37  92  14
37  95  3
37  94  2
37  89  12
37  88  2
37  91  12
37  90  2
37  98  3
37  99  3
37  96  12
37  97  3
38  39  3
38  42  2
38  43  8
38  40  2
38  41  8
38  46  2
38  47  7
38  44  2
38  45  7
38  51  6
38  50  4
38  49  1
38  48  2
38  55  5
38  54  14
38  53  17
38  52  9
38  59  11
38  58  2
38  57  2
38  56  3
38  63  14
38  62  2
38  61  25
38  60  4
38  68  3
38  69  1
38  70  4
38  71  10
38  64  3
38  65  3
38  66  6
38  67  10
38  76  2
38  77  2
38  78  3
38  79  2
38  72  3
38  73  6
38  74  4
38  75  4
38  85  6
38  84  6
38  87  2
38  86  1
38  81  5
38  80  11
38  83  3
38  82  2
38  93  1
38  92  3
38  95  5
38  94  6
38  89  2
38  88  6
38  91  3
38  90  12
38  98  7
38  99  14
38  96  5
38  97  4
39  42  5
39  43  3
39  40  6
39  41  5
39  46  2
39  47  9
39  44  2
39  45  3
39  51  2
39  50  2
39  49  4
39  48  2
39  55  21
39  54  16
39  53  5
39  52  5
39  59  13
39  58  5
39  57  6
39  56  3
39  63  4
39  62  16
39  61  4
39  60  1
39  68  4
39  69  32
39  70  3
39  71  3
39  64  7
39  65  6
39  66  7
39  67  11
39  76  13
39  77  5
39  78  24
39  79  4
39  72  7
39  73  7
39  74  2
39  75  5
39  85  4
39  84  8
39  87  11
39  86  2
39  81  17
39  80  2
39  83  3
39  82  1
39  93  18
39  92  4
39  95  6
39  94  3
39  89  20
39  88  2
39  91  2
39  90  2
39  98  44
39  99  4
39  96  8
39  97  13
40  42  4
40  43  5
40  41  3
40  46  3
40  47  20
40  44  8
40  45  27
40  51  1
40  50  2
40  49  15
40  48  2
40  55  10
40  54  5
40  53  3
40  52  3
40  59  6
40  58  10
40  57  3
40  56  2
40  63  1
40  62  2
40  61  25
40  60  19
40  68  7
40  69  5
40  70  2
40  71  5
40  64  9
40  65  10
40  66  4
40  67  13
40  76  8
40  77  21
40  78  3
40  79  2
40  72  8
40  73  11
40  74  5
40  75  5
40  85  2
40  84  5
40  87  4
40  86  7
40  81  9
40  80  1
40  83  4
40  82  2
40  93  3
40  92  1
40  95  6
40  94  24
40  89  6
40  88  23
40  91  3
40  90  6
40  98  4
40  99  1
40  96  3
40  97  4
41  42  2
41  43  8
41  46  1
41  47  1
41  44  4
41  45  2
41  51  1
41  50  3
41  49  4
41  48  4
41  55  2
41  54  3
41  53  12
41  52  2
41  59  2
41  58  4
41  57  2
41  56  2
41  63  6
41  62  2
41  61  9
41  60  4
41  68  23
41  69  6
41  70  4
41  71  2
41  64  14
41  65  7
41  66  12
41  67  3
41  76  4
41  77  2
41  78  31
41  79  3
41  72  1
41  73  3
41  74  17
41  75  3
41  85  14
41  84  4
41  87  13
41  86  4
41  81  1
41  80  8
41  83  1
41  82  8
41  93  6
41  92  1
41  95  25
41  94  1
41  89  3
41  88  15
41  91  5
41  90  2
41  98  4
41  99  5
41  96  7
41  97  5
42  43  2
42  46  4
42  47  3
42  44  15
42  45  41
42  51  3
42  50  2
42  49  8
42  48  5
42  55  3
42  54  22
42  53  1
42  52  4
42  59  9
42  58  5
42  57  6
42  56  25
42  63  13
42  62  16
42  61  4
42  60  10
42  68  2
42  69  2
42  70  4
42  71  1
42  64  5
42  65  4
42  66  3
42  67  29
42  76  6
42  77  2
42  78  4
42  79  4
42  72  14
42  73  46
42  74  3
42  75  9
42  85  6
42  84  11
42  87  14
42  86  9
42  81  5
42  80  2
42  83  3
42  82  2
42  93  4
42  92  3
42  95  4
42  94  1
42  89  2
42  88  5
42  91  2
42  90  1
42  98  3
42  99  2
42  96  11
42  97  4
43  46  19
43  47  4
43  44  5
43  45  1
43  51  2
43  50  8
43  49  6
43  48  5
43  55  4
43  54  7
43  53  3
43  52  3
43  59  2
43  58  8
43  57  2
43  56  10
43  63  20
43  62  1
43  61  1
43  60  7
43  68  5
43  69  7
43  70  4
43  71  2
43  64  1
43  65  8
43  66  6
43  67  10
43  76  6
43  77  4
43  78  6
43  79  5
43  72  1
43  73  1
43  74  4
43  75  16
43  85  4
43  84  2
43  87  2
43  86  3
43  81  9
43  80  9
43  83  4
43  82  3
43  93  3
43  92  3
43  95  1
43  94  5
43  89  8
43  88  2
43  91  2
43  90  18
43  98  7
43  99  6
43  96  7
43  97  13
44  46  1
44  47  1
44  45  2
44  51  10
44  50  2
44  49  14
44  48  5
44  55  2
44  54  10
44  53  1
44  52  13
44  59  4
44  58  4
44  57  3
44  56  8
44  63  8
44  62  2
44  61  3
44  60  3
44  68  1
44  69  6
44  70  2
44  71  3
44  64  8
44  65  6
44  66  4
44  67  3
44  76  2
44  77  21
44  78  1
44  79  2
44  72  3
44  73  3
44  74  2
44  75  3
44  85  12
44  84  1
44  87  6
44  86  11
44  81  1
44  80  5
44  83  2
44  82  11
44  93  3
44  92  2
44  95  2
44  94  2
44  89  1
44  88  5
44  91  5
44  90  1
44  98  3
44  99  2
44  96  3
44  97  4
45  46  1
45  47  2
45  51  2
45  50  3
45  49  8
45  48  8
45  55  7
45  54  9
45  53  12
45  52  3
45  59  10
45  58  5
45  57  5
45  56  1
45  63  9
45  62  4
45  61  6
45  60  5
45  68  2
45  69  4
45  70  7
45  71  6
45  64  2
45  65  5
45  66  10
45  67  3
45  76  10
45  77  5
45  78  3
45  79  1
45  72  1
45  73  2
45  74  6
45  75  2
45  85  8
45  84  5
45  87  14
45  86  1
45  81  2
45  80  17
45  83  2
45  82  6
45  93  4
45  92  2
45  95  2
45  94  10
45  89  7
45  88  9
45  91  4
45  90  3
45  98  4
45  99  8
45  96  1
45  97  11
46  47  2
46  51  23
46  50  14
46  49  5
46  48  13
46  55  2
46  54  5
46  53  17
46  52  14
46  59  5
46  58  1
46  57  7
46  56  13
46  63  3
46  62  5
46  61  5
46  60  8
46  68  2
46  69  6
46  70  4
46  71  2
46  64  19
46  65  2
46  66  5
46  67  23
46  76  7
46  77  3
46  78  4
46  79  8
46  72  3
46  73  4
46  74  2
46  75  5
46  85  2
46  84  2
46  87  1
46  86  10
46  81  2
46  80  1
46  83  2
46  82  3
46  93  3
46  92  4
46  95  4
46  94  2
46  89  8
46  88  7
46  91  4
46  90  7
46  98  2
46  99  4
46  96  2
46  97  2
47  51  5
47  50  3
47  49  9
47  48  4
47  55  8
47  54  11
47  53  3
47  52  4
47  59  9
47  58  4
47  57  17
47  56  6
47  63  8
47  62  3
47  61  2
47  60  10
47  68  7
47  69  5
47  70  5
47  71  7
47  64  4
47  65  6
47  66  5
47  67  7
47  76  2
47  77  1
47  78  15
47  79  3
47  72  5
47  73  1
47  74  13
47  75  4
47  85  2
47  84  8
47  87  4
47  86  1
47  81  3
47  80  9
47  83  2
47  82  8
47  93  4
47  92  4
47  95  3
47  94  3
47  89  5
47  88  2
47  91  5
47  90  5
47  98  6
47  99  3
47  96  4
47  97  1
48  51  2
48  50  3
48  49  10
48  55  3
48  54  5
48  53  9
48  52  5
48  59  4
48  58  1
48  57  3
48  56  15
48  63  2
48  62  4
48  61  12
48  60  3
48  68  4
48  69  5
48  70  2
48  71  4
48  64  3
48  65  14
48  66  13
48  67  2
48  76  5
48  77  2
48  78  2
48  79  6
48  72  13
48  73  1
48  74  2
48  75  4
48  85  2
48  84  3
48  87  1
48  86  4
48  81  3
48  80  2
48  83  1
48  82  3
48  93  4
48  92  8
48  95  2
48  94  5
48  89  10
48  88  26
48  91  2
48  90  12
48  98  2
48  99  1
48  96  4
48  97  5
49  51  5
49  50  3
49  55  4
49  54  1
49  53  9
49  52  6
49  59  1
49  58  3
49  57  12
49  56  9
49  63  4
49  62  18
49  61  5
49  60  8
49  68  2
49  69  1
49  70  3
49  71  23
49  64  2
49  65  7
49  66  2
49  67  8
49  76  1
49  77  13
49  78  3
49  79  4
49  72  9
49  73  14
49  74  3
49  75  2
49  85  5
49  84  7
49  87  9
49  86  1
49  81  5
49  80  3
49  83  7
49  82  2
49  93  3
49  92  6
49  95  15
49  94  11
49  89  7
49  88  10
49  91  6
49  90  2
49  98  1
49  99  1
49  96  12
49  97  3
50  51  19
50  55  3
50  54  3
50  53  4
50  52  2
50  59  2
50  58  3
50  57  2
50  56  7
50  63  6
50  62  3
50  61  13
50  60  2
50  68  2
50  69  9
50  70  5
50  71  4
50  64  13
50  65  3
50  66  15
50  67  5
50  76  12
50  77  12
50  78  9
50  79  3
50  72  12
50  73  3
50  74  4
50  75  11
50  85  5
50  84  4
50  87  7
50  86  4
50  81  2
50  80  3
50  83  6
50  82  2
50  93  12
50  92  1
50  95  2
50  94  11
50  89  1
50  88  7
50  91  6
50  90  3
50  98  2
50  99  2
50  96  1
50  97  1
51  68  3
51  69  2
51  70  9
51  71  16
51  64  3
51  65  5
51  66  5
51  67  3
51  76  4
51  77  2
51  78  4
51  79  20
51  72  3
51  73  2
51  74  23
51  75  2
51  85  3
51  84  7
51  87  3
51  86  3
51  81  7
51  80  17
51  83  4
51  82  13
51  93  2
51  92  10
51  95  2
51  94  1
51  89  13
51  88  2
51  91  2
51  90  2
51  98  3
51  99  11
51  96  4
51  97  7
51  55  6
51  54  4
51  53  2
51  52  2
51  59  3
51  58  3
51  57  14
51  56  18
51  63  4
51  62  11
51  61  5
51  60  12
52  68  1
52  69  8
52  70  1
52  71  5
52  64  17
52  65  8
52  66  19
52  67  4
52  76  2
52  77  19
52  78  5
52  79  5
52  72  2
52  73  2
52  74  1
52  75  9
52  85  3
52  84  2
52  87  1
52  86  2
52  81  10
52  80  7
52  83  3
52  82  10
52  93  3
52  92  2
52  95  16
52  94  5
52  89  5
52  88  3
52  91  4
52  90  3
52  98  4
52  99  2
52  96  3
52  97  6
52  55  5
52  54  2
52  53  15
52  59  5
52  58  4
52  57  2
52  56  2
52  63  13
52  62  14
52  61  5
52  60  1
53  68  4
53  69  3
53  70  4
53  71  3
53  64  3
53  65  1
53  66  1
53  67  2
53  76  3
53  77  3
53  78  8
53  79  20
53  72  16
53  73  6
53  74  21
53  75  4
53  85  1
53  84  3
53  87  4
53  86  8
53  81  3
53  80  2
53  83  3
53  82  13
53  93  4
53  92  4
53  95  11
53  94  4
53  89  7
53  88  3
53  91  6
53  90  8
53  98  1
53  99  7
53  96  3
53  97  3
53  55  2
53  54  10
53  59  2
53  58  14
53  57  2
53  56  7
53  63  5
53  62  9
53  61  5
53  60  1
54  68  4
54  69  1
54  70  4
54  71  4
54  64  12
54  65  3
54  66  2
54  67  2
54  76  3
54  77  5
54  78  1
54  79  3
54  72  2
54  73  3
54  74  1
54  75  3
54  85  3
54  84  6
54  87  4
54  86  7
54  81  3
54  80  2
54  83  16
54  82  1
54  93  2
54  92  3
54  95  2
54  94  7
54  89  9
54  88  17
54  91  2
54  90  5
54  98  14
54  99  2
54  96  6
54  97  1
54  55  2
54  59  5
54  58  7
54  57  2
54  56  7
54  63  6
54  62  14
54  61  3
54  60  13
55  68  3
55  69  6
55  70  7
55  71  1
55  64  5
55  65  1
55  66  5
55  67  6
55  76  11
55  77  2
55  78  12
55  79  4
55  72  4
55  73  7
55  74  5
55  75  2
55  85  3
55  84  6
55  87  1
55  86  2
55  81  9
55  80  2
55  83  6
55  82  9
55  93  3
55  92  12
55  95  4
55  94  6
55  89  8
55  88  1
55  91  3
55  90  2
55  98  4
55  99  12
55  96  4
55  97  3
55  59  6
55  58  11
55  57  8
55  56  3
55  63  15
55  62  1
55  61  14
55  60  3
56  68  13
56  69  6
56  70  5
56  71  5
56  64  6
56  65  5
56  66  3
56  67  6
56  76  5
56  77  3
56  78  3
56  79  3
56  72  5
56  73  6
56  74  6
56  75  6
56  85  5
56  84  9
56  87  2
56  86  10
56  81  5
56  80  24
56  83  2
56  82  12
56  93  16
56  92  2
56  95  5
56  94  16
56  89  3
56  88  8
56  91  3
56  90  1
56  98  3
56  99  5
56  96  1
56  97  7
56  59  1
56  58  11
56  57  2
56  63  6
56  62  5
56  61  12
56  60  3
57  68  13
57  69  2
57  70  9
57  71  1
57  64  2
57  65  2
57  66  6
57  67  2
57  76  6
57  77  6
57  78  19
57  79  2
57  72  11
57  73  4
57  74  14
57  75  2
57  85  12
57  84  5
57  87  9
57  86  8
57  81  21
57  80  5
57  83  6
57  82  6
57  93  10
57  92  6
57  95  1
57  94  12
57  89  7
57  88  3
57  91  6
57  90  18
57  98  4
57  99  15
57  96  15
57  97  12
57  59  10
57  58  3
57  63  19
57  62  1
57  61  2
57  60  3
58  68  9
58  69  2
58  70  8
58  71  1
58  64  5
58  65  4
58  66  11
58  67  4
58  76  11
58  77  2
58  78  13
58  79  2
58  72  1
58  73  2
58  74  7
58  75  1
58  85  8
58  84  8
58  87  4
58  86  2
58  81  9
58  80  2
58  83  7
58  82  5
58  93  17
58  92  2
58  95  1
58  94  8
58  89  5
58  88  5
58  91  11
58  90  11
58  98  3
58  99  2
58  96  11
58  97  8
58  59  1
58  63  2
58  62  1
58  61  2
58  60  7
59  68  2
59  69  5
59  70  7
59  71  13
59  64  9
59  65  5
59  66  18
59  67  5
59  76  2
59  77  4
59  78  2
59  79  2
59  72  7
59  73  3
59  74  5
59  75  10
59  85  7
59  84  5
59  87  3
59  86  3
59  81  2
59  80  2
59  83  9
59  82  4
59  93  14
59  92  3
59  95  4
59  94  7
59  89  8
59  88  7
59  91  5
59  90  3
59  98  12
59  99  6
59  96  1
59  97  4
59  63  3
59  62  13
59  61  4
59  60  15
60  68  28
60  69  7
60  70  1
60  71  4
60  64  8
60  65  1
60  66  6
60  67  8
60  76  7
60  77  2
60  78  2
60  79  4
60  72  3
60  73  2
60  74  15
60  75  13
60  85  1
60  84  12
60  87  6
60  86  8
60  81  2
60  80  6
60  83  2
60  82  14
60  93  4
60  92  5
60  95  5
60  94  11
60  89  16
60  88  4
60  91  3
60  90  2
60  98  10
60  99  5
60  96  2
60  97  4
60  63  4
60  62  3
60  61  11
61  68  6
61  69  3
61  70  5
61  71  4
61  64  4
61  65  1
61  66  11
61  67  2
61  76  5
61  77  8
61  78  13
61  79  4
61  72  2
61  73  14
61  74  4
61  75  2
61  85  5
61  84  4
61  87  5
61  86  12
61  81  2
61  80  8
61  83  6
61  82  2
61  93  11
61  92  9
61  95  6
61  94  7
61  89  2
61  88  7
61  91  5
61  90  3
61  98  9
61  99  3
61  96  9
61  97  5
61  63  5
61  62  10
62  68  2
62  69  1
62  70  2
62  71  9
62  64  6
62  65  9
62  66  2
62  67  5
62  76  3
62  77  1
62  78  2
62  79  3
62  72  2
62  73  3
62  74  15
62  75  3
62  85  15
62  84  12
62  87  1
62  86  4
62  81  1
62  80  4
62  83  2
62  82  3
62  93  3
62  92  1
62  95  4
62  94  3
62  89  2
62  88  10
62  91  1
62  90  4
62  98  3
62  99  3
62  96  10
62  97  25
62  63  4
63  68  10
63  69  20
63  70  3
63  71  4
63  64  7
63  65  11
63  66  7
63  67  1
63  76  20
63  77  5
63  78  1
63  79  15
63  72  1
63  73  3
63  74  3
63  75  11
63  85  8
63  84  4
63  87  4
63  86  4
63  81  6
63  80  5
63  83  5
63  82  5
63  93  7
63  92  1
63  95  6
63  94  4
63  89  1
63  88  1
63  91  8
63  90  4
63  98  15
63  99  2
63  96  12
63  97  6
64  68  3
64  69  2
64  70  2
64  71  6
64  65  3
64  66  22
64  67  4
64  76  1
64  77  1
64  78  12
64  79  28
64  72  4
64  73  2
64  74  1
64  75  5
64  85  12
64  84  9
64  87  14
64  86  5
64  81  2
64  80  7
64  83  4
64  82  3
64  93  20
64  92  1
64  95  4
64  94  1
64  89  20
64  88  1
64  91  10
64  90  1
64  98  4
64  99  22
64  96  2
64  97  2
65  68  2
65  69  3
65  70  8
65  71  9
65  66  5
65  67  22
65  76  7
65  77  4
65  78  8
65  79  2
65  72  15
65  73  2
65  74  4
65  75  2
65  85  5
65  84  5
65  87  3
65  86  2
65  81  5
65  80  1
65  83  14
65  82  4
65  93  2
65  92  5
65  95  4
65  94  3
65  89  2
65  88  5
65  91  8
65  90  15
65  98  2
65  99  2
65  96  12
65  97  4
66  68  4
66  69  5
66  70  2
66  71  13
66  67  1
66  76  8
66  77  3
66  78  2
66  79  11
66  72  2
66  73  1
66  74  6
66  75  6
66  85  1
66  84  5
66  87  6
66  86  2
66  81  7
66  80  8
66  83  10
66  82  5
66  93  3
66  92  2
66  95  10
66  94  2
66  89  7
66  88  13
66  91  7
66  90  3
66  98  17
66  99  3
66  96  4
66  97  2
67  68  4
67  69  13
67  70  10
67  71  6
67  76  3
67  77  1
67  78  3
67  79  32
67  72  3
67  73  10
67  74  2
67  75  8
67  85  5
67  84  3
67  87  8
67  86  4
67  81  23
67  80  25
67  83  5
67  82  12
67  93  4
67  92  2
67  95  4
67  94  3
67  89  2
67  88  3
67  91  3
67  90  9
67  98  4
67  99  11
67  96  9
67  97  10
68  69  1
68  70  2
68  71  3
68  76  5
68  77  20
68  78  2
68  79  1
68  72  12
68  73  2
68  74  4
68  75  12
68  85  10
68  84  3
68  87  9
68  86  2
68  81  31
68  80  3
68  83  3
68  82  3
68  93  2
68  92  2
68  95  3
68  94  7
68  89  1
68  88  4
68  91  5
68  90  3
68  98  4
68  99  10
68  96  5
68  97  4
69  70  2
69  71  11
69  76  3
69  77  1
69  78  4
69  79  4
69  72  6
69  73  2
69  74  20
69  75  4
69  85  7
69  84  8
69  87  9
69  86  4
69  81  3
69  80  15
69  83  3
69  82  4
69  93  3
69  92  12
69  95  4
69  94  7
69  89  1
69  88  5
69  91  13
69  90  12
69  98  1
69  99  1
69  96  4
69  97  11
70  71  3
70  76  2
70  77  2
70  78  21
70  79  4
70  72  3
70  73  6
70  74  8
70  75  4
70  85  7
70  84  5
70  87  11
70  86  4
70  81  9
70  80  1
70  83  3
70  82  2
70  93  4
70  92  2
70  95  9
70  94  7
70  89  5
70  88  3
70  91  4
70  90  4
70  98  8
70  99  8
70  96  7
70  97  3
71  76  5
71  77  4
71  78  7
71  79  3
71  72  1
71  73  2
71  74  5
71  75  3
71  85  1
71  84  2
71  87  10
71  86  4
71  81  9
71  80  11
71  83  3
71  82  2
71  93  10
71  92  7
71  95  5
71  94  8
71  89  2
71  88  3
71  91  4
71  90  19
71  98  4
71  99  3
71  96  3
71  97  1
72  76  5
72  77  8
72  78  5
72  79  3
72  73  1
72  74  10
72  75  11
72  85  2
72  84  11
72  87  3
72  86  16
72  81  2
72  80  3
72  83  10
72  82  5
72  93  12
72  92  2
72  95  16
72  94  7
72  89  6
72  88  3
72  91  2
72  90  3
72  98  6
72  99  28
72  96  5
72  97  18
73  76  6
73  77  8
73  78  7
73  79  7
73  74  3
73  75  4
73  85  13
73  84  1
73  87  8
73  86  3
73  81  6
73  80  9
73  83  12
73  82  9
73  93  3
73  92  2
73  95  11
73  94  4
73  89  8
73  88  2
73  91  13
73  90  2
73  98  4
73  99  6
73  96  3
73  97  4
74  76  1
74  77  5
74  78  2
74  79  3
74  75  3
74  85  26
74  84  1
74  87  6
74  86  11
74  81  3
74  80  10
74  83  6
74  82  4
74  93  5
74  92  6
74  95  7
74  94  9
74  89  17
74  88  6
74  91  2
74  90  2
74  98  3
74  99  6
74  96  3
74  97  7
75  98  6
75  99  3
75  96  19
75  97  5
75  76  3
75  77  11
75  78  3
75  79  1
75  85  6
75  84  3
75  87  3
75  86  2
75  81  4
75  80  11
75  83  5
75  82  5
75  93  7
75  92  9
75  95  3
75  94  4
75  89  2
75  88  6
75  91  5
75  90  7
76  98  6
76  99  5
76  96  2
76  97  5
76  77  3
76  78  8
76  79  1
76  85  2
76  84  6
76  87  1
76  86  9
76  81  9
76  80  2
76  83  2
76  82  10
76  93  6
76  92  8
76  95  5
76  94  8
76  89  3
76  88  2
76  91  7
76  90  8
77  98  3
77  99  4
77  96  14
77  97  10
77  78  1
77  79  5
77  85  3
77  84  3
77  87  2
77  86  1
77  81  11
77  80  2
77  83  7
77  82  7
77  93  2
77  92  6
77  95  4
77  94  1
77  89  3
77  88  3
77  91  12
77  90  21
78  98  12
78  99  12
78  96  2
78  97  4
78  79  11
78  85  13
78  84  1
78  87  13
78  86  4
78  81  3
78  80  1
78  83  4
78  82  16
78  93  8
78  92  11
78  95  2
78  94  3
78  89  2
78  88  3
78  91  15
78  90  14
79  98  9
79  99  8
79  96  4
79  97  2
79  85  7
79  84  3
79  87  5
79  86  7
79  81  7
79  80  2
79  83  1
79  82  2
79  93  8
79  92  1
79  95  17
79  94  3
79  89  4
79  88  8
79  91  2
79  90  3
80  98  4
80  99  3
80  96  10
80  97  7
80  85  1
80  84  6
80  87  5
80  86  6
80  81  3
80  83  9
80  82  3
80  93  3
80  92  2
80  95  1
80  94  4
80  89  6
80  88  19
80  91  12
80  90  14
81  98  6
81  99  3
81  96  1
81  97  4
81  85  14
81  84  7
81  87  6
81  86  2
81  83  4
81  82  2
81  93  20
81  92  12
81  95  5
81  94  5
81  89  2
81  88  2
81  91  1
81  90  11
82  98  2
82  99  13
82  96  9
82  97  27
82  85  5
82  84  1
82  87  4
82  86  1
82  83  1
82  93  3
82  92  5
82  95  5
82  94  5
82  89  4
82  88  3
82  91  24
82  90  2
83  98  6
83  99  2
83  96  4
83  97  6
83  85  1
83  84  2
83  87  4
83  86  8
83  93  2
83  92  3
83  95  8
83  94  10
83  89  7
83  88  5
83  91  2
83  90  2
84  98  2
84  99  8
84  96  13
84  97  3
84  85  21
84  87  2
84  86  7
84  93  6
84  92  15
84  95  5
84  94  12
84  89  6
84  88  7
84  91  7
84  90  1
85  98  10
85  99  2
85  96  2
85  97  1
85  87  2
85  86  2
85  93  5
85  92  2
85  95  3
85  94  6
85  89  11
85  88  4
85  91  2
85  90  1
86  98  6
86  99  5
86  96  19
86  97  2
86  87  8
86  93  3
86  92  7
86  95  13
86  94  1
86  89  5
86  88  2
86  91  2
86  90  4
87  98  1
87  99  9
87  96  11
87  97  2
87  93  2
87  92  2
87  95  2
87  94  13
87  89  3
87  88  22
87  91  17
87  90  6
88  98  22
88  99  2
88  96  2
88  97  3
88  93  2
88  92  11
88  95  1
88  94  5
88  89  9
88  91  1
88  90  3
89  98  3
89  99  2
89  96  2
89  97  19
89  93  9
89  92  2
89  95  3
89  94  10
89  91  3
89  90  2
90  98  12
90  99  7
90  96  1
90  97  16
90  93  1
90  92  2
90  95  5
90  94  6
90  91  3
91  98  13
91  99  2
91  96  17
91  97  1
91  93  2
91  92  6
91  95  1
91  94  2
92  98  4
92  99  8
92  96  5
92  97  4
92  93  10
92  95  11
92  94  9
93  98  6
93  99  1
93  96  10
93  97  1
93  95  5
93  94  14
94  98  7
94  99  5
94  96  9
94  97  6
94  95  5
95  98  1
95  99  4
95  96  2
95  97  9
96  98  13
96  99  9
96  97  15
97  98  2
97  99  4
98  99  5